1 9.61948 3.91948 3.26672
2 9.61948 6.97515 1.80101
3 9.61948 7.96447 1.00486
4 9.61948 8.39001 0.688299
5 9.61948 8.62727 0.544276
6 10.4411 9.08576 0.46296
7 10.4411 9.33409 0.408972
8 10.4411 9.33409 0.408972
9 10.4411 9.43903 0.471105
10 10.4411 9.56586 0.454104
11 10.4411 9.64921 0.433774
12 10.4411 9.64921 0.433774
13 10.4411 9.69782 0.4001
14 10.4411 9.87369 0.353397
15 10.4411 9.94276 0.301707
16 10.4411 10.0168 0.283796
17 10.45 10.1567 0.231493
18 10.45 10.1597 0.228142
19 10.45 10.1822 0.219612
20 10.45 10.1822 0.219612
21 10.45 10.1924 0.210557
22 10.45 10.2605 0.172671
23 10.45 10.2605 0.172671
24 10.45 10.2906 0.162253
25 10.45 10.3204 0.144983
26 10.45 10.3467 0.126352
27 10.45 10.3688 0.103346
28 10.45 10.3688 0.103346
29 10.45 10.3862 0.0896445
30 10.45 10.4019 0.0726723
31 10.45 10.4187 0.0469291
32 10.45 10.4325 0.0145062
33 10.45 10.4325 0.0145062
34 10.45 10.4325 0.0145062
35 10.45 10.4325 0.0145062
36 10.45 10.4325 0.0145062
37 10.45 10.4325 0.0145062
38 10.45 10.4325 0.0145062
39 10.45 10.4349 0.012348
40 10.45 10.4349 0.012348
